                                          CLIENTES
71984468  IPARRAGUIRRE VILLEGAS NICOLAS EDILBERTO      B       16.80   935441620
Pedidos: 
696000      0.85       20190807     28.46
308982      1.12       20191006      4.93
620036      6.41       20201123    337.59
244316      6.67       20210305    104.52
485302      5.99       20211128     30.75
511824      8.13       20220211     39.77

29847168  ALDAVE ZEVALLOS ROSARIO                      A       23.50     6261108
Pedidos: 
582920      1.16       20191020      3.63
412041     11.35       20200304    119.38
415932      1.17       20200626      6.15
927404      3.79       20210101     21.70
731238      7.50       20210322    382.69
178097      4.49       20210802    810.96
204890      9.45       20211102    139.60

79475585  RETTO ARCA ANNIE MAGDA                       A       23.50   941241092
Pedidos: 
455703      7.81       20191020     41.11
462755      5.07       20200309     15.62
826317      3.80       20200514     22.04
696000      5.32       20200626    163.81
411461      6.89       20200907     24.51
925916      8.54       20210101     30.77

91897732  GAMARRA ALCOCER VIRGINIA                     A       23.50   954025615
Pedidos: 
311343      6.30       20190105     97.87
422763      6.44       20200626     68.23
582920      1.66       20210309      5.20
731238      9.37       20210705    478.11
387889     11.71       20211003    648.59
714788     11.52       20211109     83.99
620036      9.02       20211217    436.79

33397650  RONDON EGUSQUIZA CARMELA VALENTINA           A       23.50     3911397
Pedidos: 
423073      4.04       20190101   1021.02
172692      5.60       20190105     20.00
455703      6.90       20190527     36.32
178097      9.01       20190527   1627.35
248223      3.48       20190729    103.85
874884     11.30       20190807     50.20
118050      8.64       20201007    138.74
630286      5.06       20201123     31.29
927404     10.71       20210101     61.33
520755      4.34       20210322    203.31
793026      2.84       20211111     53.54
714788      8.60       20211219     62.70

83236386  RIVERO CORRALES JUAN FERNANDO                A       23.50   946513105
Pedidos: 
434681      3.91       20190713     17.71
992564      9.37       20190803    149.02
455703     10.54       20190807     55.47
244316      3.78       20200806     54.46
308982      2.18       20200907      8.82
882099      1.08       20211003     11.16

32821689  ZAVALETA EPIQUEN CARMEN ZKENIA               C        8.30   955248211
Pedidos: 
162581      4.20       20200210     14.13
390920      3.60       20200309     18.44
793026      5.54       20200309    125.20
126218      1.81       20201010      9.26
753496      1.24       20210101     29.51
631403     10.32       20210701    234.23
942003      8.61       20211003     68.77

45783712  POZO CHUNG RAFAEL DEL                        B       16.80     8252118
Pedidos: 
374588      8.43       20190105    116.13
162581      3.41       20190527     10.41
748899      9.70       20190927     82.64
825712      9.22       20200626    133.78
283781      7.90       20200907     85.61

48184351  LOPEZ JAUREGUI ROLANDO                       C        8.30   884716679
Pedidos: 
311343      2.62       20190418     48.79
691890      5.46       20190527    197.17
582920      1.48       20190725      5.55
179485     11.68       20200309    268.94
714788      4.36       20200531     38.10
565169     11.59       20201123     32.67
613623      5.16       20210823     75.63
511824      1.21       20211219      6.52
132999      6.45       20220329    148.75

33713901  VILLEGAS CASTRO SOFIA VIRGINIA               A       23.50     2339560
Pedidos: 
170844      7.20       20190319     90.88
744237     11.26       20190506    141.17
168505      5.50       20191020    103.60
690039      8.38       20191020     59.27
412041     11.12       20200126    116.96
317404      0.52       20200309      4.11
748899      3.95       20200805     30.94
200984      5.11       20210823     38.69

76388967  GONZALES QUIO ISABEL                         B       16.80     8094909
Pedidos: 
632129      5.29       20190105    106.91
731238      6.39       20190105    354.61
387889      2.24       20190421    134.93
151641     11.50       20200509     94.44
317404      3.19       20201123     27.42

81114108  ZAMBRANO SHIRAKAWA WILMER                    B       16.80     5853087
Pedidos: 
311343      4.92       20190519     83.13
582920      1.56       20190527      5.31
565169     11.43       20200309     29.23
444809      4.90       20200605    177.83
182942      6.93       20200907    157.62
631403      2.81       20201006     57.87
459032      3.30       20201105     14.77
923804      6.74       20210713     27.99
151641     11.60       20211219     95.26
162581      6.14       20220205     18.74

57263719  PRADO TORREALBA CARMEN JANET                 C        8.30   988736554
Pedidos: 
462755      3.76       20200519     13.89
434681      9.36       20200727     50.81
126218      1.47       20200907      7.52
734432     11.03       20211003    511.29
948168      9.04       20211122    128.90
219619      4.92       20211219     65.01
455703      5.18       20211219     32.68

79140840  TORREALBA ARCA VICTORIA GLENDA               C        8.30   876488179
Pedidos: 
311343      9.82       20190518    182.87
311343      7.56       20190527    140.78
900698      2.77       20210322     42.36
428331     10.01       20210322     99.59
620036      2.38       20210528    138.15
734432      2.60       20210717    120.52
880988      7.68       20220221     79.86

71378466  MIYAKE CARO HENRRY EDGAR                     C        8.30   921051207
Pedidos: 
406688      3.36       20190424     17.11
793026      7.38       20200309    166.78
469016      9.89       20200529    128.09
397718      1.78       20201026     27.72
501182      4.83       20210101     93.59
874503      8.02       20210101     64.06
317404      0.56       20211219      5.31

17913944  PALOMARES SANTISTEBAN HENRRY                 B       16.80   967944433
Pedidos: 
459032      1.96       20190807      8.77
748008      4.93       20191020     32.68
691890      1.35       20191020     44.23
588754      0.69       20200813      4.69
734979      7.45       20201015    150.60
336973      9.02       20201123    130.89
620036      3.45       20210205    181.70
499460      2.12       20210322     49.54
891590      7.62       20210322    195.62
397718      0.31       20210704      4.38
882099      5.75       20211129     64.63

62566305  ROMERO ALFARO MONICA JOHANA                  C        8.30     8206363
Pedidos: 
725312     10.94       20200730    128.45
613623      6.90       20201123    101.13
690039      1.66       20210227     14.07
168505     11.87       20211219    268.00

46462527  LOYOLA MORI NICOLAS FERNANDO                 B       16.80     5865695
Pedidos: 
788630      1.06       20190527     24.91
342342     11.45       20190726    143.56
997564      5.47       20191009     66.21
126218      1.95       20191012      9.05
374253      0.17       20191018      1.95
170844      4.59       20200309     63.01
132999      3.93       20200626     82.23
744237      0.00       20200816      0.00
690039      1.88       20210316     14.46
994185      4.47       20210529    356.84
415932     11.11       20210606     63.51
961627      6.35       20210823     78.84
778066      1.01       20211003     15.57
961802      2.43       20211219     85.84

